(kicad_pcb (version 20171130) (host pcbnew 5.1.10-88a1d61d58~90~ubuntu20.04.1)

  (general
    (thickness 1.6)
    (drawings 18)
    (tracks 190)
    (zones 0)
    (modules 25)
    (nets 20)
  )

  (page A4)
  (title_block
    (title Chalkie)
    (date 2021-07-31)
    (rev v1.00)
    (company www.2-0.dk)
  )

  (layers
    (0 F.Cu signal)
    (1 In1.Cu signal)
    (2 In2.Cu signal)
    (31 B.Cu signal)
    (32 B.Adhes user)
    (33 F.Adhes user)
    (34 B.Paste user)
    (35 F.Paste user)
    (36 B.SilkS user)
    (37 F.SilkS user)
    (38 B.Mask user)
    (39 F.Mask user)
    (40 Dwgs.User user)
    (41 Cmts.User user)
    (42 Eco1.User user)
    (43 Eco2.User user)
    (44 Edge.Cuts user)
    (45 Margin user)
    (46 B.CrtYd user)
    (47 F.CrtYd user)
    (48 B.Fab user hide)
    (49 F.Fab user hide)
  )

  (setup
    (last_trace_width 0.25)
    (trace_clearance 0.2)
    (zone_clearance 0.508)
    (zone_45_only no)
    (trace_min 0.2)
    (via_size 0.8)
    (via_drill 0.4)
    (via_min_size 0.4)
    (via_min_drill 0.3)
    (uvia_size 0.3)
    (uvia_drill 0.1)
    (uvias_allowed no)
    (uvia_min_size 0.2)
    (uvia_min_drill 0.1)
    (edge_width 0.05)
    (segment_width 0.2)
    (pcb_text_width 0.3)
    (pcb_text_size 1.5 1.5)
    (mod_edge_width 0.12)
    (mod_text_size 1 1)
    (mod_text_width 0.15)
    (pad_size 1.524 1.524)
    (pad_drill 0.762)
    (pad_to_mask_clearance 0)
    (aux_axis_origin 0 0)
    (visible_elements FFFFFF7F)
    (pcbplotparams
      (layerselection 0x010fc_ffffffff)
      (usegerberextensions false)
      (usegerberattributes true)
      (usegerberadvancedattributes true)
      (creategerberjobfile true)
      (excludeedgelayer true)
      (linewidth 0.100000)
      (plotframeref false)
      (viasonmask false)
      (mode 1)
      (useauxorigin false)
      (hpglpennumber 1)
      (hpglpenspeed 20)
      (hpglpendiameter 15.000000)
      (psnegative false)
      (psa4output false)
      (plotreference true)
      (plotvalue true)
      (plotinvisibletext false)
      (padsonsilk false)
      (subtractmaskfromsilk false)
      (outputformat 1)
      (mirror false)
      (drillshape 0)
      (scaleselection 1)
      (outputdirectory "plots"))
  )

  (net 0 "")
  (net 1 "Net-(C1-Pad2)")
  (net 2 "Net-(C1-Pad1)")
  (net 3 GND)
  (net 4 +3V3)
  (net 5 "Net-(C3-Pad2)")
  (net 6 "Net-(C6-Pad1)")
  (net 7 "Net-(C6-Pad2)")
  (net 8 +5V)
  (net 9 swdio)
  (net 10 swclk)
  (net 11 uart_rx)
  (net 12 uart_tx)
  (net 13 rxtx_en)
  (net 14 hdmi_utility)
  (net 15 "Net-(R2-Pad2)")
  (net 16 "Net-(R3-Pad2)")
  (net 17 "Net-(R5-Pad1)")
  (net 18 "Net-(U3-Pad3)")
  (net 19 "Net-(U2-Pad1)")

  (net_class Default "This is the default net class."
    (clearance 0.2)
    (trace_width 0.25)
    (via_dia 0.8)
    (via_drill 0.4)
    (uvia_dia 0.3)
    (uvia_drill 0.1)
    (add_net +3V3)
    (add_net +5V)
    (add_net GND)
    (add_net "Net-(C1-Pad1)")
    (add_net "Net-(C1-Pad2)")
    (add_net "Net-(C3-Pad2)")
    (add_net "Net-(C6-Pad1)")
    (add_net "Net-(C6-Pad2)")
    (add_net "Net-(R2-Pad2)")
    (add_net "Net-(R3-Pad2)")
    (add_net "Net-(R5-Pad1)")
    (add_net "Net-(U2-Pad1)")
    (add_net "Net-(U3-Pad3)")
    (add_net hdmi_utility)
    (add_net rxtx_en)
    (add_net swclk)
    (add_net swdio)
    (add_net uart_rx)
    (add_net uart_tx)
  )

  (module chalkie:PLT133T10W (layer F.Cu) (tedit 61062A2B) (tstamp 6105EB4A)
    (at 136.21 105.05 90)
    (descr PLT133/T10W_1)
    (path /60B13393)
    (fp_text reference U2 (at 4.42 3.29) (layer F.SilkS)
      (effects (font (size 0.75 0.75) (thickness 0.15)))
    )
    (fp_text value PLR133-T10W (at 0 0 90) (layer F.SilkS) hide
      (effects (font (size 1.27 1.27) (thickness 0.254)))
    )
    (fp_text user %R (at 0 0 90) (layer F.Fab)
      (effects (font (size 1.27 1.27) (thickness 0.254)))
    )
    (fp_line (start -4.85 -11.11) (end 4.85 -11.11) (layer F.SilkS) (width 0.1))
    (fp_line (start 4.85 -11.11) (end 4.85 2.39) (layer F.SilkS) (width 0.1))
    (fp_line (start 4.85 2.39) (end -4.85 2.39) (layer F.SilkS) (width 0.1))
    (fp_line (start -4.85 2.39) (end -4.85 -11.11) (layer F.SilkS) (width 0.1))
    (fp_line (start -4.95 -11.21) (end 4.95 -11.21) (layer F.CrtYd) (width 0.1))
    (fp_line (start 4.95 -11.21) (end 4.95 2.49) (layer F.CrtYd) (width 0.1))
    (fp_line (start 4.95 2.49) (end -4.95 2.49) (layer F.CrtYd) (width 0.1))
    (fp_line (start -4.95 2.49) (end -4.95 -11.21) (layer F.CrtYd) (width 0.1))
    (pad 5 thru_hole circle (at -2.54 -2.62 90) (size 1.725 1.725) (drill 1.15) (layers *.Cu *.Mask))
    (pad 4 thru_hole circle (at 2.54 -2.62 90) (size 1.725 1.725) (drill 1.15) (layers *.Cu *.Mask))
    (pad 3 thru_hole circle (at -2.54 0 90) (size 1.38125 1.38125) (drill 0.85) (layers *.Cu *.Mask)
      (net 3 GND))
    (pad 2 thru_hole circle (at 0 0 90) (size 1.38125 1.38125) (drill 0.85) (layers *.Cu *.Mask)
      (net 4 +3V3))
    (pad 1 thru_hole circle (at 2.54 0 90) (size 1.38125 1.38125) (drill 0.85) (layers *.Cu *.Mask)
      (net 19 "Net-(U2-Pad1)"))
    (model ${KIPRJMOD}/packages3d/PLT133_T10W.stp
      (offset (xyz 0 4 0))
      (scale (xyz 1 1 1))
      (rotate (xyz 0 0 0))
    )
  )

  (module chalkie:SOT65P210X110-6N (layer F.Cu) (tedit 61062A86) (tstamp 6105EB65)
    (at 148 100 180)
    (path /610C6C7E)
    (fp_text reference U6 (at 2.47 -0.02 90) (layer F.SilkS)
      (effects (font (size 0.75 0.75) (thickness 0.15)))
    )
    (fp_text value TMUX1247DCKR (at 5.628 2.008) (layer F.Fab)
      (effects (font (size 0.8 0.8) (thickness 0.15)))
    )
    (fp_line (start -0.625 1) (end 0.625 1) (layer F.Fab) (width 0.127))
    (fp_line (start 0.625 1) (end 0.625 -1) (layer F.Fab) (width 0.127))
    (fp_line (start 0.625 -1) (end -0.625 -1) (layer F.Fab) (width 0.127))
    (fp_line (start -0.625 -1) (end -0.625 1) (layer F.Fab) (width 0.127))
    (fp_line (start -0.625 -1.17) (end 0.625 -1.17) (layer F.SilkS) (width 0.127))
    (fp_line (start -0.625 1.17) (end 0.625 1.17) (layer F.SilkS) (width 0.127))
    (fp_line (start -1.805 1.25) (end 1.805 1.25) (layer F.CrtYd) (width 0.05))
    (fp_line (start 1.805 1.25) (end 1.805 -1.25) (layer F.CrtYd) (width 0.05))
    (fp_line (start 1.805 -1.25) (end -1.805 -1.25) (layer F.CrtYd) (width 0.05))
    (fp_line (start -1.805 -1.25) (end -1.805 1.25) (layer F.CrtYd) (width 0.05))
    (fp_circle (center -2.1 -0.802) (end -2 -0.802) (layer F.SilkS) (width 0.2))
    (fp_circle (center -2.1 -0.802) (end -2 -0.802) (layer F.Fab) (width 0.2))
    (pad 1 smd rect (at -0.96 -0.65 180) (size 1.19 0.4) (layers F.Cu F.Paste F.Mask)
      (net 2 "Net-(C1-Pad1)"))
    (pad 2 smd rect (at -0.96 0 180) (size 1.19 0.4) (layers F.Cu F.Paste F.Mask)
      (net 4 +3V3))
    (pad 3 smd rect (at -0.96 0.65 180) (size 1.19 0.4) (layers F.Cu F.Paste F.Mask)
      (net 17 "Net-(R5-Pad1)"))
    (pad 4 smd rect (at 0.96 0.65 180) (size 1.19 0.4) (layers F.Cu F.Paste F.Mask)
      (net 14 hdmi_utility))
    (pad 5 smd rect (at 0.96 0 180) (size 1.19 0.4) (layers F.Cu F.Paste F.Mask)
      (net 3 GND))
    (pad 6 smd rect (at 0.96 -0.65 180) (size 1.19 0.4) (layers F.Cu F.Paste F.Mask)
      (net 13 rxtx_en))
    (model ${KIPRJMOD}/packages3d/TMUX1247DCKR.step
      (at (xyz 0 0 0))
      (scale (xyz 1 1 1))
      (rotate (xyz -90 0 90))
    )
  )

  (module chalkie:PLR135T10 (layer F.Cu) (tedit 61062A00) (tstamp 6105EB64)
    (at 136.21 94.95 90)
    (descr PLR135/T10)
    (path /60B13EF5)
    (fp_text reference U3 (at -4.54 3.29) (layer F.SilkS)
      (effects (font (size 0.75 0.75) (thickness 0.15)))
    )
    (fp_text value PLR135-T10 (at -2.54 -4.185 90) (layer F.SilkS) hide
      (effects (font (size 1.27 1.27) (thickness 0.254)))
    )
    (fp_text user %R (at -2.54 -4.185 90) (layer F.Fab)
      (effects (font (size 1.27 1.27) (thickness 0.254)))
    )
    (fp_line (start -4.85 -11.11) (end 4.85 -11.11) (layer F.SilkS) (width 0.1))
    (fp_line (start 4.85 -11.11) (end 4.85 2.39) (layer F.SilkS) (width 0.1))
    (fp_line (start 4.85 2.39) (end -4.85 2.39) (layer F.SilkS) (width 0.1))
    (fp_line (start -4.85 2.39) (end -4.85 -11.11) (layer F.SilkS) (width 0.1))
    (fp_line (start -4.95 -11.21) (end 4.95 -11.21) (layer F.CrtYd) (width 0.1))
    (fp_line (start 4.95 -11.21) (end 4.95 2.49) (layer F.CrtYd) (width 0.1))
    (fp_line (start 4.95 2.49) (end -4.95 2.49) (layer F.CrtYd) (width 0.1))
    (fp_line (start -4.95 2.49) (end -4.95 -11.21) (layer F.CrtYd) (width 0.1))
    (pad 5 thru_hole circle (at -2.54 -2.62 90) (size 1.725 1.725) (drill 1.15) (layers *.Cu *.Mask))
    (pad 4 thru_hole circle (at 2.54 -2.62 90) (size 1.725 1.725) (drill 1.15) (layers *.Cu *.Mask))
    (pad 3 thru_hole circle (at -2.54 0 90) (size 1.381 1.381) (drill 0.85) (layers *.Cu *.Mask)
      (net 18 "Net-(U3-Pad3)"))
    (pad 2 thru_hole circle (at 0 0 90) (size 1.381 1.381) (drill 0.85) (layers *.Cu *.Mask)
      (net 3 GND))
    (pad 1 thru_hole circle (at 2.54 0 90) (size 1.381 1.381) (drill 0.85) (layers *.Cu *.Mask)
      (net 5 "Net-(C3-Pad2)"))
    (model ${KIPRJMOD}/packages3d/PLR135_T10.stp
      (offset (xyz 2.5 0 0))
      (scale (xyz 1 1 1))
      (rotate (xyz 0 0 0))
    )
  )

  (module Capacitor_SMD:C_0603_1608Metric (layer F.Cu) (tedit 5F68FEEE) (tstamp 6106040E)
    (at 151.32 103.75)
    (descr "Capacitor SMD 0603 (1608 Metric), square (rectangular) end terminal, IPC_7351 nominal, (Body size source: IPC-SM-782 page 76, https://www.pcb-3d.com/wordpress/wp-content/uploads/ipc-sm-782a_amendment_1_and_2.pdf), generated with kicad-footprint-generator")
    (tags capacitor)
    (path /60B70012)
    (attr smd)
    (fp_text reference C1 (at 2.23 -0.01) (layer F.SilkS)
      (effects (font (size 0.75 0.75) (thickness 0.15)))
    )
    (fp_text value 10n (at 0 1.43) (layer F.Fab)
      (effects (font (size 1 1) (thickness 0.15)))
    )
    (fp_line (start 1.48 0.73) (end -1.48 0.73) (layer F.CrtYd) (width 0.05))
    (fp_line (start 1.48 -0.73) (end 1.48 0.73) (layer F.CrtYd) (width 0.05))
    (fp_line (start -1.48 -0.73) (end 1.48 -0.73) (layer F.CrtYd) (width 0.05))
    (fp_line (start -1.48 0.73) (end -1.48 -0.73) (layer F.CrtYd) (width 0.05))
    (fp_line (start -0.14058 0.51) (end 0.14058 0.51) (layer F.SilkS) (width 0.12))
    (fp_line (start -0.14058 -0.51) (end 0.14058 -0.51) (layer F.SilkS) (width 0.12))
    (fp_line (start 0.8 0.4) (end -0.8 0.4) (layer F.Fab) (width 0.1))
    (fp_line (start 0.8 -0.4) (end 0.8 0.4) (layer F.Fab) (width 0.1))
    (fp_line (start -0.8 -0.4) (end 0.8 -0.4) (layer F.Fab) (width 0.1))
    (fp_line (start -0.8 0.4) (end -0.8 -0.4) (layer F.Fab) (width 0.1))
    (fp_text user %R (at 0 0) (layer F.Fab)
      (effects (font (size 0.4 0.4) (thickness 0.06)))
    )
    (pad 2 smd roundrect (at 0.775 0) (size 0.9 0.95) (layers F.Cu F.Paste F.Mask) (roundrect_rratio 0.25)
      (net 1 "Net-(C1-Pad2)"))
    (pad 1 smd roundrect (at -0.775 0) (size 0.9 0.95) (layers F.Cu F.Paste F.Mask) (roundrect_rratio 0.25)
      (net 2 "Net-(C1-Pad1)"))
    (model ${KISYS3DMOD}/Capacitor_SMD.3dshapes/C_0603_1608Metric.wrl
      (at (xyz 0 0 0))
      (scale (xyz 1 1 1))
      (rotate (xyz 0 0 0))
    )
  )

  (module Capacitor_SMD:C_0603_1608Metric (layer F.Cu) (tedit 5F68FEEE) (tstamp 61058D75)
    (at 140 106.3 90)
    (descr "Capacitor SMD 0603 (1608 Metric), square (rectangular) end terminal, IPC_7351 nominal, (Body size source: IPC-SM-782 page 76, https://www.pcb-3d.com/wordpress/wp-content/uploads/ipc-sm-782a_amendment_1_and_2.pdf), generated with kicad-footprint-generator")
    (tags capacitor)
    (path /60B23EDC)
    (attr smd)
    (fp_text reference C2 (at -0.01 1.09 90) (layer F.SilkS)
      (effects (font (size 0.75 0.75) (thickness 0.15)))
    )
    (fp_text value 100n (at 0 1.43 90) (layer F.Fab)
      (effects (font (size 1 1) (thickness 0.15)))
    )
    (fp_line (start -0.8 0.4) (end -0.8 -0.4) (layer F.Fab) (width 0.1))
    (fp_line (start -0.8 -0.4) (end 0.8 -0.4) (layer F.Fab) (width 0.1))
    (fp_line (start 0.8 -0.4) (end 0.8 0.4) (layer F.Fab) (width 0.1))
    (fp_line (start 0.8 0.4) (end -0.8 0.4) (layer F.Fab) (width 0.1))
    (fp_line (start -0.14058 -0.51) (end 0.14058 -0.51) (layer F.SilkS) (width 0.12))
    (fp_line (start -0.14058 0.51) (end 0.14058 0.51) (layer F.SilkS) (width 0.12))
    (fp_line (start -1.48 0.73) (end -1.48 -0.73) (layer F.CrtYd) (width 0.05))
    (fp_line (start -1.48 -0.73) (end 1.48 -0.73) (layer F.CrtYd) (width 0.05))
    (fp_line (start 1.48 -0.73) (end 1.48 0.73) (layer F.CrtYd) (width 0.05))
    (fp_line (start 1.48 0.73) (end -1.48 0.73) (layer F.CrtYd) (width 0.05))
    (fp_text user %R (at 0 0 90) (layer F.Fab)
      (effects (font (size 0.4 0.4) (thickness 0.06)))
    )
    (pad 1 smd roundrect (at -0.775 0 90) (size 0.9 0.95) (layers F.Cu F.Paste F.Mask) (roundrect_rratio 0.25)
      (net 3 GND))
    (pad 2 smd roundrect (at 0.775 0 90) (size 0.9 0.95) (layers F.Cu F.Paste F.Mask) (roundrect_rratio 0.25)
      (net 4 +3V3))
    (model ${KISYS3DMOD}/Capacitor_SMD.3dshapes/C_0603_1608Metric.wrl
      (at (xyz 0 0 0))
      (scale (xyz 1 1 1))
      (rotate (xyz 0 0 0))
    )
  )

  (module Capacitor_SMD:C_0603_1608Metric (layer F.Cu) (tedit 5F68FEEE) (tstamp 61058D86)
    (at 140 93.5 270)
    (descr "Capacitor SMD 0603 (1608 Metric), square (rectangular) end terminal, IPC_7351 nominal, (Body size source: IPC-SM-782 page 76, https://www.pcb-3d.com/wordpress/wp-content/uploads/ipc-sm-782a_amendment_1_and_2.pdf), generated with kicad-footprint-generator")
    (tags capacitor)
    (path /60B2C2E5)
    (attr smd)
    (fp_text reference C3 (at 0.01 -1.09 90) (layer F.SilkS)
      (effects (font (size 0.75 0.75) (thickness 0.15)))
    )
    (fp_text value 100n (at 0 1.43 90) (layer F.Fab)
      (effects (font (size 1 1) (thickness 0.15)))
    )
    (fp_line (start 1.48 0.73) (end -1.48 0.73) (layer F.CrtYd) (width 0.05))
    (fp_line (start 1.48 -0.73) (end 1.48 0.73) (layer F.CrtYd) (width 0.05))
    (fp_line (start -1.48 -0.73) (end 1.48 -0.73) (layer F.CrtYd) (width 0.05))
    (fp_line (start -1.48 0.73) (end -1.48 -0.73) (layer F.CrtYd) (width 0.05))
    (fp_line (start -0.14058 0.51) (end 0.14058 0.51) (layer F.SilkS) (width 0.12))
    (fp_line (start -0.14058 -0.51) (end 0.14058 -0.51) (layer F.SilkS) (width 0.12))
    (fp_line (start 0.8 0.4) (end -0.8 0.4) (layer F.Fab) (width 0.1))
    (fp_line (start 0.8 -0.4) (end 0.8 0.4) (layer F.Fab) (width 0.1))
    (fp_line (start -0.8 -0.4) (end 0.8 -0.4) (layer F.Fab) (width 0.1))
    (fp_line (start -0.8 0.4) (end -0.8 -0.4) (layer F.Fab) (width 0.1))
    (fp_text user %R (at 0 0 90) (layer F.Fab)
      (effects (font (size 0.4 0.4) (thickness 0.06)))
    )
    (pad 2 smd roundrect (at 0.775 0 270) (size 0.9 0.95) (layers F.Cu F.Paste F.Mask) (roundrect_rratio 0.25)
      (net 5 "Net-(C3-Pad2)"))
    (pad 1 smd roundrect (at -0.775 0 270) (size 0.9 0.95) (layers F.Cu F.Paste F.Mask) (roundrect_rratio 0.25)
      (net 3 GND))
    (model ${KISYS3DMOD}/Capacitor_SMD.3dshapes/C_0603_1608Metric.wrl
      (at (xyz 0 0 0))
      (scale (xyz 1 1 1))
      (rotate (xyz 0 0 0))
    )
  )

  (module Capacitor_SMD:C_0603_1608Metric (layer F.Cu) (tedit 5F68FEEE) (tstamp 61058D97)
    (at 148 91.34 180)
    (descr "Capacitor SMD 0603 (1608 Metric), square (rectangular) end terminal, IPC_7351 nominal, (Body size source: IPC-SM-782 page 76, https://www.pcb-3d.com/wordpress/wp-content/uploads/ipc-sm-782a_amendment_1_and_2.pdf), generated with kicad-footprint-generator")
    (tags capacitor)
    (path /60BD3F03)
    (attr smd)
    (fp_text reference C4 (at 2.5 0) (layer F.SilkS)
      (effects (font (size 0.75 0.75) (thickness 0.15)))
    )
    (fp_text value 100n (at 0 1.43) (layer F.Fab)
      (effects (font (size 1 1) (thickness 0.15)))
    )
    (fp_line (start 1.48 0.73) (end -1.48 0.73) (layer F.CrtYd) (width 0.05))
    (fp_line (start 1.48 -0.73) (end 1.48 0.73) (layer F.CrtYd) (width 0.05))
    (fp_line (start -1.48 -0.73) (end 1.48 -0.73) (layer F.CrtYd) (width 0.05))
    (fp_line (start -1.48 0.73) (end -1.48 -0.73) (layer F.CrtYd) (width 0.05))
    (fp_line (start -0.14058 0.51) (end 0.14058 0.51) (layer F.SilkS) (width 0.12))
    (fp_line (start -0.14058 -0.51) (end 0.14058 -0.51) (layer F.SilkS) (width 0.12))
    (fp_line (start 0.8 0.4) (end -0.8 0.4) (layer F.Fab) (width 0.1))
    (fp_line (start 0.8 -0.4) (end 0.8 0.4) (layer F.Fab) (width 0.1))
    (fp_line (start -0.8 -0.4) (end 0.8 -0.4) (layer F.Fab) (width 0.1))
    (fp_line (start -0.8 0.4) (end -0.8 -0.4) (layer F.Fab) (width 0.1))
    (fp_text user %R (at 0 0) (layer F.Fab)
      (effects (font (size 0.4 0.4) (thickness 0.06)))
    )
    (pad 2 smd roundrect (at 0.775 0 180) (size 0.9 0.95) (layers F.Cu F.Paste F.Mask) (roundrect_rratio 0.25)
      (net 4 +3V3))
    (pad 1 smd roundrect (at -0.775 0 180) (size 0.9 0.95) (layers F.Cu F.Paste F.Mask) (roundrect_rratio 0.25)
      (net 3 GND))
    (model ${KISYS3DMOD}/Capacitor_SMD.3dshapes/C_0603_1608Metric.wrl
      (at (xyz 0 0 0))
      (scale (xyz 1 1 1))
      (rotate (xyz 0 0 0))
    )
  )

  (module Capacitor_SMD:C_0603_1608Metric (layer F.Cu) (tedit 5F68FEEE) (tstamp 61060444)
    (at 148 108.66 180)
    (descr "Capacitor SMD 0603 (1608 Metric), square (rectangular) end terminal, IPC_7351 nominal, (Body size source: IPC-SM-782 page 76, https://www.pcb-3d.com/wordpress/wp-content/uploads/ipc-sm-782a_amendment_1_and_2.pdf), generated with kicad-footprint-generator")
    (tags capacitor)
    (path /60B7F0BE)
    (attr smd)
    (fp_text reference C5 (at 2.56 0) (layer F.SilkS)
      (effects (font (size 0.75 0.75) (thickness 0.15)))
    )
    (fp_text value 100n (at 0 1.43) (layer F.Fab)
      (effects (font (size 1 1) (thickness 0.15)))
    )
    (fp_line (start -0.8 0.4) (end -0.8 -0.4) (layer F.Fab) (width 0.1))
    (fp_line (start -0.8 -0.4) (end 0.8 -0.4) (layer F.Fab) (width 0.1))
    (fp_line (start 0.8 -0.4) (end 0.8 0.4) (layer F.Fab) (width 0.1))
    (fp_line (start 0.8 0.4) (end -0.8 0.4) (layer F.Fab) (width 0.1))
    (fp_line (start -0.14058 -0.51) (end 0.14058 -0.51) (layer F.SilkS) (width 0.12))
    (fp_line (start -0.14058 0.51) (end 0.14058 0.51) (layer F.SilkS) (width 0.12))
    (fp_line (start -1.48 0.73) (end -1.48 -0.73) (layer F.CrtYd) (width 0.05))
    (fp_line (start -1.48 -0.73) (end 1.48 -0.73) (layer F.CrtYd) (width 0.05))
    (fp_line (start 1.48 -0.73) (end 1.48 0.73) (layer F.CrtYd) (width 0.05))
    (fp_line (start 1.48 0.73) (end -1.48 0.73) (layer F.CrtYd) (width 0.05))
    (fp_text user %R (at 0 0) (layer F.Fab)
      (effects (font (size 0.4 0.4) (thickness 0.06)))
    )
    (pad 1 smd roundrect (at -0.775 0 180) (size 0.9 0.95) (layers F.Cu F.Paste F.Mask) (roundrect_rratio 0.25)
      (net 3 GND))
    (pad 2 smd roundrect (at 0.775 0 180) (size 0.9 0.95) (layers F.Cu F.Paste F.Mask) (roundrect_rratio 0.25)
      (net 4 +3V3))
    (model ${KISYS3DMOD}/Capacitor_SMD.3dshapes/C_0603_1608Metric.wrl
      (at (xyz 0 0 0))
      (scale (xyz 1 1 1))
      (rotate (xyz 0 0 0))
    )
  )

  (module Capacitor_SMD:C_0603_1608Metric (layer F.Cu) (tedit 5F68FEEE) (tstamp 61058DB9)
    (at 151.31 94.75 180)
    (descr "Capacitor SMD 0603 (1608 Metric), square (rectangular) end terminal, IPC_7351 nominal, (Body size source: IPC-SM-782 page 76, https://www.pcb-3d.com/wordpress/wp-content/uploads/ipc-sm-782a_amendment_1_and_2.pdf), generated with kicad-footprint-generator")
    (tags capacitor)
    (path /60BCB099)
    (attr smd)
    (fp_text reference C6 (at -2.2 0) (layer F.SilkS)
      (effects (font (size 0.75 0.75) (thickness 0.15)))
    )
    (fp_text value 150n (at 0 1.43) (layer F.Fab)
      (effects (font (size 1 1) (thickness 0.15)))
    )
    (fp_line (start -0.8 0.4) (end -0.8 -0.4) (layer F.Fab) (width 0.1))
    (fp_line (start -0.8 -0.4) (end 0.8 -0.4) (layer F.Fab) (width 0.1))
    (fp_line (start 0.8 -0.4) (end 0.8 0.4) (layer F.Fab) (width 0.1))
    (fp_line (start 0.8 0.4) (end -0.8 0.4) (layer F.Fab) (width 0.1))
    (fp_line (start -0.14058 -0.51) (end 0.14058 -0.51) (layer F.SilkS) (width 0.12))
    (fp_line (start -0.14058 0.51) (end 0.14058 0.51) (layer F.SilkS) (width 0.12))
    (fp_line (start -1.48 0.73) (end -1.48 -0.73) (layer F.CrtYd) (width 0.05))
    (fp_line (start -1.48 -0.73) (end 1.48 -0.73) (layer F.CrtYd) (width 0.05))
    (fp_line (start 1.48 -0.73) (end 1.48 0.73) (layer F.CrtYd) (width 0.05))
    (fp_line (start 1.48 0.73) (end -1.48 0.73) (layer F.CrtYd) (width 0.05))
    (fp_text user %R (at 0 0) (layer F.Fab)
      (effects (font (size 0.4 0.4) (thickness 0.06)))
    )
    (pad 1 smd roundrect (at -0.775 0 180) (size 0.9 0.95) (layers F.Cu F.Paste F.Mask) (roundrect_rratio 0.25)
      (net 6 "Net-(C6-Pad1)"))
    (pad 2 smd roundrect (at 0.775 0 180) (size 0.9 0.95) (layers F.Cu F.Paste F.Mask) (roundrect_rratio 0.25)
      (net 7 "Net-(C6-Pad2)"))
    (model ${KISYS3DMOD}/Capacitor_SMD.3dshapes/C_0603_1608Metric.wrl
      (at (xyz 0 0 0))
      (scale (xyz 1 1 1))
      (rotate (xyz 0 0 0))
    )
  )

  (module Capacitor_SMD:C_0805_2012Metric (layer F.Cu) (tedit 5F68FEEE) (tstamp 61058DCA)
    (at 154.42 100 90)
    (descr "Capacitor SMD 0805 (2012 Metric), square (rectangular) end terminal, IPC_7351 nominal, (Body size source: IPC-SM-782 page 76, https://www.pcb-3d.com/wordpress/wp-content/uploads/ipc-sm-782a_amendment_1_and_2.pdf, https://docs.google.com/spreadsheets/d/1BsfQQcO9C6DZCsRaXUlFlo91Tg2WpOkGARC1WS5S8t0/edit?usp=sharing), generated with kicad-footprint-generator")
    (tags capacitor)
    (path /6108868F)
    (attr smd)
    (fp_text reference C7 (at -0.01 -1.4 90) (layer F.SilkS)
      (effects (font (size 0.75 0.75) (thickness 0.15)))
    )
    (fp_text value 1u (at 0 1.68 90) (layer F.Fab)
      (effects (font (size 1 1) (thickness 0.15)))
    )
    (fp_line (start -1 0.625) (end -1 -0.625) (layer F.Fab) (width 0.1))
    (fp_line (start -1 -0.625) (end 1 -0.625) (layer F.Fab) (width 0.1))
    (fp_line (start 1 -0.625) (end 1 0.625) (layer F.Fab) (width 0.1))
    (fp_line (start 1 0.625) (end -1 0.625) (layer F.Fab) (width 0.1))
    (fp_line (start -0.261252 -0.735) (end 0.261252 -0.735) (layer F.SilkS) (width 0.12))
    (fp_line (start -0.261252 0.735) (end 0.261252 0.735) (layer F.SilkS) (width 0.12))
    (fp_line (start -1.7 0.98) (end -1.7 -0.98) (layer F.CrtYd) (width 0.05))
    (fp_line (start -1.7 -0.98) (end 1.7 -0.98) (layer F.CrtYd) (width 0.05))
    (fp_line (start 1.7 -0.98) (end 1.7 0.98) (layer F.CrtYd) (width 0.05))
    (fp_line (start 1.7 0.98) (end -1.7 0.98) (layer F.CrtYd) (width 0.05))
    (fp_text user %R (at 0 0 90) (layer F.Fab)
      (effects (font (size 0.5 0.5) (thickness 0.08)))
    )
    (pad 1 smd roundrect (at -0.95 0 90) (size 1 1.45) (layers F.Cu F.Paste F.Mask) (roundrect_rratio 0.25)
      (net 3 GND))
    (pad 2 smd roundrect (at 0.95 0 90) (size 1 1.45) (layers F.Cu F.Paste F.Mask) (roundrect_rratio 0.25)
      (net 8 +5V))
    (model ${KISYS3DMOD}/Capacitor_SMD.3dshapes/C_0805_2012Metric.wrl
      (at (xyz 0 0 0))
      (scale (xyz 1 1 1))
      (rotate (xyz 0 0 0))
    )
  )

  (module Capacitor_SMD:C_0805_2012Metric (layer F.Cu) (tedit 5F68FEEE) (tstamp 61058DDB)
    (at 159.85 100 90)
    (descr "Capacitor SMD 0805 (2012 Metric), square (rectangular) end terminal, IPC_7351 nominal, (Body size source: IPC-SM-782 page 76, https://www.pcb-3d.com/wordpress/wp-content/uploads/ipc-sm-782a_amendment_1_and_2.pdf, https://docs.google.com/spreadsheets/d/1BsfQQcO9C6DZCsRaXUlFlo91Tg2WpOkGARC1WS5S8t0/edit?usp=sharing), generated with kicad-footprint-generator")
    (tags capacitor)
    (path /61087651)
    (attr smd)
    (fp_text reference C8 (at 0 1.51 90) (layer F.SilkS)
      (effects (font (size 0.75 0.75) (thickness 0.15)))
    )
    (fp_text value 10u (at 0 1.68 90) (layer F.Fab)
      (effects (font (size 1 1) (thickness 0.15)))
    )
    (fp_line (start 1.7 0.98) (end -1.7 0.98) (layer F.CrtYd) (width 0.05))
    (fp_line (start 1.7 -0.98) (end 1.7 0.98) (layer F.CrtYd) (width 0.05))
    (fp_line (start -1.7 -0.98) (end 1.7 -0.98) (layer F.CrtYd) (width 0.05))
    (fp_line (start -1.7 0.98) (end -1.7 -0.98) (layer F.CrtYd) (width 0.05))
    (fp_line (start -0.261252 0.735) (end 0.261252 0.735) (layer F.SilkS) (width 0.12))
    (fp_line (start -0.261252 -0.735) (end 0.261252 -0.735) (layer F.SilkS) (width 0.12))
    (fp_line (start 1 0.625) (end -1 0.625) (layer F.Fab) (width 0.1))
    (fp_line (start 1 -0.625) (end 1 0.625) (layer F.Fab) (width 0.1))
    (fp_line (start -1 -0.625) (end 1 -0.625) (layer F.Fab) (width 0.1))
    (fp_line (start -1 0.625) (end -1 -0.625) (layer F.Fab) (width 0.1))
    (fp_text user %R (at 0 0 90) (layer F.Fab)
      (effects (font (size 0.5 0.5) (thickness 0.08)))
    )
    (pad 2 smd roundrect (at 0.95 0 90) (size 1 1.45) (layers F.Cu F.Paste F.Mask) (roundrect_rratio 0.25)
      (net 4 +3V3))
    (pad 1 smd roundrect (at -0.95 0 90) (size 1 1.45) (layers F.Cu F.Paste F.Mask) (roundrect_rratio 0.25)
      (net 3 GND))
    (model ${KISYS3DMOD}/Capacitor_SMD.3dshapes/C_0805_2012Metric.wrl
      (at (xyz 0 0 0))
      (scale (xyz 1 1 1))
      (rotate (xyz 0 0 0))
    )
  )

  (module Capacitor_SMD:C_0603_1608Metric (layer F.Cu) (tedit 5F68FEEE) (tstamp 61058DEC)
    (at 150.57 100 90)
    (descr "Capacitor SMD 0603 (1608 Metric), square (rectangular) end terminal, IPC_7351 nominal, (Body size source: IPC-SM-782 page 76, https://www.pcb-3d.com/wordpress/wp-content/uploads/ipc-sm-782a_amendment_1_and_2.pdf), generated with kicad-footprint-generator")
    (tags capacitor)
    (path /61058E9C)
    (attr smd)
    (fp_text reference C9 (at -0.01 1.24 90) (layer F.SilkS)
      (effects (font (size 0.75 0.75) (thickness 0.15)))
    )
    (fp_text value 100n (at 0 1.43 90) (layer F.Fab)
      (effects (font (size 1 1) (thickness 0.15)))
    )
    (fp_line (start -0.8 0.4) (end -0.8 -0.4) (layer F.Fab) (width 0.1))
    (fp_line (start -0.8 -0.4) (end 0.8 -0.4) (layer F.Fab) (width 0.1))
    (fp_line (start 0.8 -0.4) (end 0.8 0.4) (layer F.Fab) (width 0.1))
    (fp_line (start 0.8 0.4) (end -0.8 0.4) (layer F.Fab) (width 0.1))
    (fp_line (start -0.14058 -0.51) (end 0.14058 -0.51) (layer F.SilkS) (width 0.12))
    (fp_line (start -0.14058 0.51) (end 0.14058 0.51) (layer F.SilkS) (width 0.12))
    (fp_line (start -1.48 0.73) (end -1.48 -0.73) (layer F.CrtYd) (width 0.05))
    (fp_line (start -1.48 -0.73) (end 1.48 -0.73) (layer F.CrtYd) (width 0.05))
    (fp_line (start 1.48 -0.73) (end 1.48 0.73) (layer F.CrtYd) (width 0.05))
    (fp_line (start 1.48 0.73) (end -1.48 0.73) (layer F.CrtYd) (width 0.05))
    (fp_text user %R (at 0 0 90) (layer F.Fab)
      (effects (font (size 0.4 0.4) (thickness 0.06)))
    )
    (pad 1 smd roundrect (at -0.775 0 90) (size 0.9 0.95) (layers F.Cu F.Paste F.Mask) (roundrect_rratio 0.25)
      (net 3 GND))
    (pad 2 smd roundrect (at 0.775 0 90) (size 0.9 0.95) (layers F.Cu F.Paste F.Mask) (roundrect_rratio 0.25)
      (net 4 +3V3))
    (model ${KISYS3DMOD}/Capacitor_SMD.3dshapes/C_0603_1608Metric.wrl
      (at (xyz 0 0 0))
      (scale (xyz 1 1 1))
      (rotate (xyz 0 0 0))
    )
  )

  (module Connector_PinSocket_2.54mm:PinSocket_1x09_P2.54mm_Vertical (layer B.Cu) (tedit 5A19A431) (tstamp 61058E09)
    (at 172.2 91.8 90)
    (descr "Through hole straight socket strip, 1x09, 2.54mm pitch, single row (from Kicad 4.0.7), script generated")
    (tags "Through hole socket strip THT 1x09 2.54mm single row")
    (path /61066F3E)
    (fp_text reference J1 (at -1.67 0) (layer F.SilkS)
      (effects (font (size 0.75 0.75) (thickness 0.15)))
    )
    (fp_text value Expansion (at 0 -23.09 270) (layer B.Fab)
      (effects (font (size 1 1) (thickness 0.15)) (justify mirror))
    )
    (fp_line (start -1.8 -22.1) (end -1.8 1.8) (layer B.CrtYd) (width 0.05))
    (fp_line (start 1.75 -22.1) (end -1.8 -22.1) (layer B.CrtYd) (width 0.05))
    (fp_line (start 1.75 1.8) (end 1.75 -22.1) (layer B.CrtYd) (width 0.05))
    (fp_line (start -1.8 1.8) (end 1.75 1.8) (layer B.CrtYd) (width 0.05))
    (fp_line (start 0 1.33) (end 1.33 1.33) (layer B.SilkS) (width 0.12))
    (fp_line (start 1.33 1.33) (end 1.33 0) (layer B.SilkS) (width 0.12))
    (fp_line (start 1.33 -1.27) (end 1.33 -21.65) (layer B.SilkS) (width 0.12))
    (fp_line (start -1.33 -21.65) (end 1.33 -21.65) (layer B.SilkS) (width 0.12))
    (fp_line (start -1.33 -1.27) (end -1.33 -21.65) (layer B.SilkS) (width 0.12))
    (fp_line (start -1.33 -1.27) (end 1.33 -1.27) (layer B.SilkS) (width 0.12))
    (fp_line (start -1.27 -21.59) (end -1.27 1.27) (layer B.Fab) (width 0.1))
    (fp_line (start 1.27 -21.59) (end -1.27 -21.59) (layer B.Fab) (width 0.1))
    (fp_line (start 1.27 0.635) (end 1.27 -21.59) (layer B.Fab) (width 0.1))
    (fp_line (start 0.635 1.27) (end 1.27 0.635) (layer B.Fab) (width 0.1))
    (fp_line (start -1.27 1.27) (end 0.635 1.27) (layer B.Fab) (width 0.1))
    (fp_text user %R (at 0 -10.16) (layer B.Fab)
      (effects (font (size 1 1) (thickness 0.15)) (justify mirror))
    )
    (pad 9 thru_hole oval (at 0 -20.32 90) (size 1.7 1.7) (drill 1) (layers *.Cu *.Mask))
    (pad 8 thru_hole oval (at 0 -17.78 90) (size 1.7 1.7) (drill 1) (layers *.Cu *.Mask)
      (net 8 +5V))
    (pad 7 thru_hole oval (at 0 -15.24 90) (size 1.7 1.7) (drill 1) (layers *.Cu *.Mask)
      (net 13 rxtx_en))
    (pad 6 thru_hole oval (at 0 -12.7 90) (size 1.7 1.7) (drill 1) (layers *.Cu *.Mask)
      (net 12 uart_tx))
    (pad 5 thru_hole oval (at 0 -10.16 90) (size 1.7 1.7) (drill 1) (layers *.Cu *.Mask)
      (net 11 uart_rx))
    (pad 4 thru_hole oval (at 0 -7.62 90) (size 1.7 1.7) (drill 1) (layers *.Cu *.Mask)
      (net 3 GND))
    (pad 3 thru_hole oval (at 0 -5.08 90) (size 1.7 1.7) (drill 1) (layers *.Cu *.Mask)
      (net 10 swclk))
    (pad 2 thru_hole oval (at 0 -2.54 90) (size 1.7 1.7) (drill 1) (layers *.Cu *.Mask)
      (net 9 swdio))
    (pad 1 thru_hole rect (at 0 0 90) (size 1.7 1.7) (drill 1) (layers *.Cu *.Mask)
      (net 3 GND))
    (model ${KISYS3DMOD}/Connector_PinSocket_2.54mm.3dshapes/PinSocket_1x09_P2.54mm_Vertical.wrl
      (at (xyz 0 0 0))
      (scale (xyz 1 1 1))
      (rotate (xyz 0 0 0))
    )
  )

  (module Connector_PinSocket_2.54mm:PinSocket_1x07_P2.54mm_Vertical (layer B.Cu) (tedit 5A19A433) (tstamp 61058E24)
    (at 142.4 107.62)
    (descr "Through hole straight socket strip, 1x07, 2.54mm pitch, single row (from Kicad 4.0.7), script generated")
    (tags "Through hole socket strip THT 1x07 2.54mm single row")
    (path /61069131)
    (fp_text reference J2 (at 1.81 -7.62 90) (layer F.SilkS)
      (effects (font (size 0.75 0.75) (thickness 0.15)))
    )
    (fp_text value "HDMI Expansion" (at 0 -18.01) (layer B.Fab)
      (effects (font (size 1 1) (thickness 0.15)) (justify mirror))
    )
    (fp_line (start -1.27 1.27) (end 0.635 1.27) (layer B.Fab) (width 0.1))
    (fp_line (start 0.635 1.27) (end 1.27 0.635) (layer B.Fab) (width 0.1))
    (fp_line (start 1.27 0.635) (end 1.27 -16.51) (layer B.Fab) (width 0.1))
    (fp_line (start 1.27 -16.51) (end -1.27 -16.51) (layer B.Fab) (width 0.1))
    (fp_line (start -1.27 -16.51) (end -1.27 1.27) (layer B.Fab) (width 0.1))
    (fp_line (start -1.33 -1.27) (end 1.33 -1.27) (layer B.SilkS) (width 0.12))
    (fp_line (start -1.33 -1.27) (end -1.33 -16.57) (layer B.SilkS) (width 0.12))
    (fp_line (start -1.33 -16.57) (end 1.33 -16.57) (layer B.SilkS) (width 0.12))
    (fp_line (start 1.33 -1.27) (end 1.33 -16.57) (layer B.SilkS) (width 0.12))
    (fp_line (start 1.33 1.33) (end 1.33 0) (layer B.SilkS) (width 0.12))
    (fp_line (start 0 1.33) (end 1.33 1.33) (layer B.SilkS) (width 0.12))
    (fp_line (start -1.8 1.8) (end 1.75 1.8) (layer B.CrtYd) (width 0.05))
    (fp_line (start 1.75 1.8) (end 1.75 -17) (layer B.CrtYd) (width 0.05))
    (fp_line (start 1.75 -17) (end -1.8 -17) (layer B.CrtYd) (width 0.05))
    (fp_line (start -1.8 -17) (end -1.8 1.8) (layer B.CrtYd) (width 0.05))
    (fp_text user %R (at 0 -7.62 -90) (layer B.Fab)
      (effects (font (size 1 1) (thickness 0.15)) (justify mirror))
    )
    (pad 1 thru_hole rect (at 0 0) (size 1.7 1.7) (drill 1) (layers *.Cu *.Mask))
    (pad 2 thru_hole oval (at 0 -2.54) (size 1.7 1.7) (drill 1) (layers *.Cu *.Mask)
      (net 14 hdmi_utility))
    (pad 3 thru_hole oval (at 0 -5.08) (size 1.7 1.7) (drill 1) (layers *.Cu *.Mask))
    (pad 4 thru_hole oval (at 0 -7.62) (size 1.7 1.7) (drill 1) (layers *.Cu *.Mask)
      (net 3 GND))
    (pad 5 thru_hole oval (at 0 -10.16) (size 1.7 1.7) (drill 1) (layers *.Cu *.Mask))
    (pad 6 thru_hole oval (at 0 -12.7) (size 1.7 1.7) (drill 1) (layers *.Cu *.Mask))
    (pad 7 thru_hole oval (at 0 -15.24) (size 1.7 1.7) (drill 1) (layers *.Cu *.Mask))
    (model ${KISYS3DMOD}/Connector_PinSocket_2.54mm.3dshapes/PinSocket_1x07_P2.54mm_Vertical.wrl
      (at (xyz 0 0 0))
      (scale (xyz 1 1 1))
      (rotate (xyz 0 0 0))
    )
  )

  (module Connector_PinHeader_2.54mm:PinHeader_1x06_P2.54mm_Vertical (layer F.Cu) (tedit 59FED5CC) (tstamp 61058E3E)
    (at 172.2 95.39 270)
    (descr "Through hole straight pin header, 1x06, 2.54mm pitch, single row")
    (tags "Through hole pin header THT 1x06 2.54mm single row")
    (path /610665EC)
    (fp_text reference J3 (at 2.42 0 180) (layer F.SilkS)
      (effects (font (size 0.75 0.75) (thickness 0.15)))
    )
    (fp_text value Debug (at 0 15.03 90) (layer F.Fab)
      (effects (font (size 1 1) (thickness 0.15)))
    )
    (fp_line (start -0.635 -1.27) (end 1.27 -1.27) (layer F.Fab) (width 0.1))
    (fp_line (start 1.27 -1.27) (end 1.27 13.97) (layer F.Fab) (width 0.1))
    (fp_line (start 1.27 13.97) (end -1.27 13.97) (layer F.Fab) (width 0.1))
    (fp_line (start -1.27 13.97) (end -1.27 -0.635) (layer F.Fab) (width 0.1))
    (fp_line (start -1.27 -0.635) (end -0.635 -1.27) (layer F.Fab) (width 0.1))
    (fp_line (start -1.33 14.03) (end 1.33 14.03) (layer F.SilkS) (width 0.12))
    (fp_line (start -1.33 1.27) (end -1.33 14.03) (layer F.SilkS) (width 0.12))
    (fp_line (start 1.33 1.27) (end 1.33 14.03) (layer F.SilkS) (width 0.12))
    (fp_line (start -1.33 1.27) (end 1.33 1.27) (layer F.SilkS) (width 0.12))
    (fp_line (start -1.33 0) (end -1.33 -1.33) (layer F.SilkS) (width 0.12))
    (fp_line (start -1.33 -1.33) (end 0 -1.33) (layer F.SilkS) (width 0.12))
    (fp_line (start -1.8 -1.8) (end -1.8 14.5) (layer F.CrtYd) (width 0.05))
    (fp_line (start -1.8 14.5) (end 1.8 14.5) (layer F.CrtYd) (width 0.05))
    (fp_line (start 1.8 14.5) (end 1.8 -1.8) (layer F.CrtYd) (width 0.05))
    (fp_line (start 1.8 -1.8) (end -1.8 -1.8) (layer F.CrtYd) (width 0.05))
    (fp_text user %R (at 0 6.35) (layer F.Fab)
      (effects (font (size 1 1) (thickness 0.15)))
    )
    (pad 1 thru_hole rect (at 0 0 270) (size 1.7 1.7) (drill 1) (layers *.Cu *.Mask)
      (net 3 GND))
    (pad 2 thru_hole oval (at 0 2.54 270) (size 1.7 1.7) (drill 1) (layers *.Cu *.Mask)
      (net 9 swdio))
    (pad 3 thru_hole oval (at 0 5.08 270) (size 1.7 1.7) (drill 1) (layers *.Cu *.Mask)
      (net 10 swclk))
    (pad 4 thru_hole oval (at 0 7.62 270) (size 1.7 1.7) (drill 1) (layers *.Cu *.Mask)
      (net 3 GND))
    (pad 5 thru_hole oval (at 0 10.16 270) (size 1.7 1.7) (drill 1) (layers *.Cu *.Mask)
      (net 11 uart_rx))
    (pad 6 thru_hole oval (at 0 12.7 270) (size 1.7 1.7) (drill 1) (layers *.Cu *.Mask)
      (net 12 uart_tx))
    (model ${KISYS3DMOD}/Connector_PinHeader_2.54mm.3dshapes/PinHeader_1x06_P2.54mm_Vertical.wrl
      (at (xyz 0 0 0))
      (scale (xyz 1 1 1))
      (rotate (xyz 0 0 0))
    )
  )

  (module Inductor_SMD:L_0805_2012Metric (layer F.Cu) (tedit 5F68FEF0) (tstamp 61058E4F)
    (at 140 96.77 270)
    (descr "Inductor SMD 0805 (2012 Metric), square (rectangular) end terminal, IPC_7351 nominal, (Body size source: IPC-SM-782 page 80, https://www.pcb-3d.com/wordpress/wp-content/uploads/ipc-sm-782a_amendment_1_and_2.pdf), generated with kicad-footprint-generator")
    (tags inductor)
    (path /60B30143)
    (attr smd)
    (fp_text reference L1 (at -0.32 -1.13 90) (layer F.SilkS)
      (effects (font (size 0.75 0.75) (thickness 0.15)))
    )
    (fp_text value 47u (at 0 1.55 90) (layer F.Fab)
      (effects (font (size 1 1) (thickness 0.15)))
    )
    (fp_line (start -1 0.45) (end -1 -0.45) (layer F.Fab) (width 0.1))
    (fp_line (start -1 -0.45) (end 1 -0.45) (layer F.Fab) (width 0.1))
    (fp_line (start 1 -0.45) (end 1 0.45) (layer F.Fab) (width 0.1))
    (fp_line (start 1 0.45) (end -1 0.45) (layer F.Fab) (width 0.1))
    (fp_line (start -0.399622 -0.56) (end 0.399622 -0.56) (layer F.SilkS) (width 0.12))
    (fp_line (start -0.399622 0.56) (end 0.399622 0.56) (layer F.SilkS) (width 0.12))
    (fp_line (start -1.75 0.85) (end -1.75 -0.85) (layer F.CrtYd) (width 0.05))
    (fp_line (start -1.75 -0.85) (end 1.75 -0.85) (layer F.CrtYd) (width 0.05))
    (fp_line (start 1.75 -0.85) (end 1.75 0.85) (layer F.CrtYd) (width 0.05))
    (fp_line (start 1.75 0.85) (end -1.75 0.85) (layer F.CrtYd) (width 0.05))
    (fp_text user %R (at 0 0 90) (layer F.Fab)
      (effects (font (size 0.5 0.5) (thickness 0.08)))
    )
    (pad 1 smd roundrect (at -1.0625 0 270) (size 0.875 1.2) (layers F.Cu F.Paste F.Mask) (roundrect_rratio 0.25)
      (net 5 "Net-(C3-Pad2)"))
    (pad 2 smd roundrect (at 1.0625 0 270) (size 0.875 1.2) (layers F.Cu F.Paste F.Mask) (roundrect_rratio 0.25)
      (net 4 +3V3))
    (model ${KISYS3DMOD}/Inductor_SMD.3dshapes/L_0805_2012Metric.wrl
      (at (xyz 0 0 0))
      (scale (xyz 1 1 1))
      (rotate (xyz 0 0 0))
    )
  )

  (module Resistor_SMD:R_0603_1608Metric (layer F.Cu) (tedit 5F68FEEE) (tstamp 610603DE)
    (at 148.11 103.32 180)
    (descr "Resistor SMD 0603 (1608 Metric), square (rectangular) end terminal, IPC_7351 nominal, (Body size source: IPC-SM-782 page 72, https://www.pcb-3d.com/wordpress/wp-content/uploads/ipc-sm-782a_amendment_1_and_2.pdf), generated with kicad-footprint-generator")
    (tags resistor)
    (path /60B6EF2B)
    (attr smd)
    (fp_text reference R1 (at 2.53 0.02) (layer F.SilkS)
      (effects (font (size 0.75 0.75) (thickness 0.15)))
    )
    (fp_text value 75 (at 0 1.43) (layer F.Fab)
      (effects (font (size 1 1) (thickness 0.15)))
    )
    (fp_line (start 1.48 0.73) (end -1.48 0.73) (layer F.CrtYd) (width 0.05))
    (fp_line (start 1.48 -0.73) (end 1.48 0.73) (layer F.CrtYd) (width 0.05))
    (fp_line (start -1.48 -0.73) (end 1.48 -0.73) (layer F.CrtYd) (width 0.05))
    (fp_line (start -1.48 0.73) (end -1.48 -0.73) (layer F.CrtYd) (width 0.05))
    (fp_line (start -0.237258 0.5225) (end 0.237258 0.5225) (layer F.SilkS) (width 0.12))
    (fp_line (start -0.237258 -0.5225) (end 0.237258 -0.5225) (layer F.SilkS) (width 0.12))
    (fp_line (start 0.8 0.4125) (end -0.8 0.4125) (layer F.Fab) (width 0.1))
    (fp_line (start 0.8 -0.4125) (end 0.8 0.4125) (layer F.Fab) (width 0.1))
    (fp_line (start -0.8 -0.4125) (end 0.8 -0.4125) (layer F.Fab) (width 0.1))
    (fp_line (start -0.8 0.4125) (end -0.8 -0.4125) (layer F.Fab) (width 0.1))
    (fp_text user %R (at 0 0) (layer F.Fab)
      (effects (font (size 0.4 0.4) (thickness 0.06)))
    )
    (pad 2 smd roundrect (at 0.825 0 180) (size 0.8 0.95) (layers F.Cu F.Paste F.Mask) (roundrect_rratio 0.25)
      (net 3 GND))
    (pad 1 smd roundrect (at -0.825 0 180) (size 0.8 0.95) (layers F.Cu F.Paste F.Mask) (roundrect_rratio 0.25)
      (net 2 "Net-(C1-Pad1)"))
    (model ${KISYS3DMOD}/Resistor_SMD.3dshapes/R_0603_1608Metric.wrl
      (at (xyz 0 0 0))
      (scale (xyz 1 1 1))
      (rotate (xyz 0 0 0))
    )
  )

  (module Resistor_SMD:R_0603_1608Metric (layer F.Cu) (tedit 5F68FEEE) (tstamp 6106033F)
    (at 151.32 105.25 180)
    (descr "Resistor SMD 0603 (1608 Metric), square (rectangular) end terminal, IPC_7351 nominal, (Body size source: IPC-SM-782 page 72, https://www.pcb-3d.com/wordpress/wp-content/uploads/ipc-sm-782a_amendment_1_and_2.pdf), generated with kicad-footprint-generator")
    (tags resistor)
    (path /60B74A7B)
    (attr smd)
    (fp_text reference R2 (at -2.18 0) (layer F.SilkS)
